<?xml version="1.0" standalone="no"?>
<!DOCTYPE svg PUBLIC "-//W3C//DTD SVG 20010904//EN"
 "http://www.w3.org/TR/2001/REC-SVG-20010904/DTD/svg10.dtd">
<svg version="1.0" xmlns="http://www.w3.org/2000/svg"
 width="225.000000pt" height="225.000000pt" viewBox="0 0 225.000000 225.000000"
 preserveAspectRatio="xMidYMid meet">

<g transform="translate(0.000000,225.000000) scale(0.100000,-0.100000)"
fill="#000000" stroke="none">
<path d="M711 2017 c-8 -26 -22 -58 -32 -71 -35 -44 -50 -132 -47 -263 l3
-121 -70 -59 c-38 -32 -91 -86 -118 -118 -49 -61 -131 -216 -143 -270 l-7 -30
40 38 c37 35 67 52 45 25 -5 -7 -22 -47 -37 -88 -22 -59 -29 -98 -32 -185 -6
-121 4 -189 38 -280 l22 -60 18 54 c30 86 40 92 56 30 37 -145 155 -286 298
-354 42 -21 78 -35 81 -33 2 3 -5 25 -16 50 -32 73 -46 178 -33 250 6 35 14
72 18 83 7 20 -59 -45 -82 -81 -10 -16 -12 -13 -12 27 -3 185 106 370 287 490
56 36 69 48 47 43 -48 -11 -151 -51 -179 -69 -28 -19 -32 -15 -15 16 10 20 10
20 -29 0 -54 -27 -147 -114 -188 -175 -39 -58 -42 -56 -14 8 48 113 135 215
228 268 28 16 52 31 52 33 0 7 -108 -19 -152 -36 -67 -26 -154 -82 -206 -133
l-43 -41 23 44 c34 65 134 161 208 201 36 18 103 44 150 56 l85 21 -56 8 c-30
4 -85 5 -122 3 -36 -1 -63 0 -59 4 19 18 172 38 293 38 l132 0 -21 -23 -22
-23 60 -10 c59 -10 60 -10 60 14 0 18 4 23 16 18 9 -3 18 -6 20 -6 2 0 4 -7 4
-15 0 -17 16 -20 25 -5 11 17 37 -2 31 -23 -3 -12 1 -25 11 -32 15 -11 15 -13
-3 -23 -10 -5 -37 -24 -58 -41 l-39 -32 54 7 c44 4 67 1 122 -20 63 -24 67
-25 57 -7 -5 11 -10 42 -10 70 0 47 -3 52 -41 83 -23 18 -45 43 -50 56 -5 14
-28 31 -55 44 -62 27 -106 39 -99 27 8 -11 13 -12 -70 6 -39 8 -92 15 -120 16
-48 1 -47 2 30 16 52 9 119 12 193 9 l113 -4 -7 31 c-3 18 -12 47 -20 65 -7
17 -10 32 -6 32 15 0 132 -112 152 -146 21 -32 21 -36 6 -53 -25 -28 -20 -58
13 -75 16 -9 41 -30 56 -48 l28 -33 -24 -3 c-49 -6 -52 -12 -18 -35 31 -21 34
-27 34 -74 0 -35 6 -57 17 -70 34 -35 78 -91 78 -97 0 -14 -71 -36 -113 -36
-25 0 -88 14 -142 30 -111 34 -202 39 -264 14 l-40 -16 27 -23 c56 -47 111
-185 128 -322 5 -44 13 -64 35 -85 27 -28 29 -28 136 -25 59 3 116 7 125 11
24 11 30 32 33 106 2 74 26 134 62 157 32 21 40 10 20 -31 -29 -61 -42 -150
-31 -206 12 -57 2 -81 -54 -134 l-31 -29 -7 27 c-5 20 -11 25 -23 20 -47 -20
-132 -38 -139 -29 -4 6 -41 16 -82 23 -41 7 -88 21 -105 30 -28 17 -30 23 -36
89 -9 95 -33 162 -74 209 l-34 39 -1 -42 c0 -23 -6 -47 -12 -52 -7 -6 -27 -22
-45 -36 -46 -37 -83 -118 -82 -179 0 -28 3 -45 6 -38 10 24 21 11 27 -32 7
-44 49 -114 90 -148 31 -26 36 -22 36 25 0 47 17 117 29 117 4 0 31 -11 59
-25 29 -14 63 -25 77 -25 15 0 25 -6 25 -15 0 -23 42 -28 127 -17 88 12 97 7
89 -45 -4 -31 -3 -32 20 -22 70 26 168 116 204 186 18 35 19 46 9 64 -7 14
-10 49 -7 94 5 75 15 98 71 168 15 19 36 57 46 83 10 29 37 69 64 96 30 31 48
59 53 84 11 57 -1 158 -24 200 -11 22 -23 60 -25 87 -3 35 -18 68 -55 127 -50
78 -50 79 -30 97 41 37 71 114 75 193 l3 75 -17 -41 c-10 -22 -26 -52 -35 -65
-14 -20 -17 -21 -17 -6 -1 24 -18 22 -26 -4 -4 -11 -27 -45 -51 -75 l-44 -54
39 -53 c53 -71 84 -131 70 -136 -6 -2 -15 2 -19 9 -6 9 -19 10 -61 1 -29 -6
-59 -16 -66 -23 -18 -15 -18 12 1 37 18 25 9 42 -57 112 -27 29 -47 53 -43 53
4 0 25 -9 47 -21 23 -11 43 -19 45 -16 8 7 -107 113 -153 140 -30 18 -39 27
-23 23 105 -25 119 -20 270 93 114 86 151 130 149 180 -1 22 -3 28 -6 14 -7
-37 -49 -69 -145 -108 -51 -21 -123 -56 -161 -78 l-68 -39 -117 8 c-114 8
-232 7 -242 -3 -3 -3 6 -14 20 -25 l25 -21 -25 8 c-54 16 -99 48 -183 129 -55
52 -115 98 -157 120 -77 41 -90 54 -99 99 l-7 32 -13 -48z m94 -106 c22 -10
55 -31 73 -46 34 -28 142 -158 142 -170 0 -4 -16 3 -36 15 -19 12 -37 20 -39
18 -3 -3 9 -30 26 -62 17 -31 30 -58 28 -59 -2 -2 -37 -14 -78 -27 -81 -27
-230 -110 -300 -168 -30 -24 -40 -29 -33 -15 16 28 117 119 179 160 l51 35
-24 35 c-31 46 -44 94 -44 163 l0 55 -22 -32 c-13 -18 -26 -33 -30 -33 -13 0
22 84 44 107 l21 23 -24 9 -24 10 25 0 c14 0 43 -8 65 -18z m945 -635 c0 -9 8
-12 28 -8 23 5 25 3 14 -10 -10 -13 -9 -18 4 -29 26 -21 42 -70 37 -106 -6
-35 4 -41 38 -23 10 6 19 8 19 5 0 -16 -32 -65 -42 -65 -6 0 -9 -2 -6 -5 3 -3
17 -1 32 5 21 8 26 7 20 -3 -14 -25 -48 -57 -60 -57 -7 0 -16 -5 -19 -10 -4
-7 2 -9 19 -4 38 9 32 -3 -14 -26 -61 -31 -86 -26 -138 27 l-46 46 25 10 24
10 -31 7 c-45 10 -59 20 -43 31 22 14 65 10 80 -7 11 -14 13 -14 21 0 11 19
48 21 48 3 0 -8 -9 -18 -20 -23 -12 -5 -17 -14 -12 -21 6 -9 16 -6 37 11 27
22 28 25 14 47 -8 13 -16 40 -17 59 -3 41 -28 80 -65 98 -15 7 -27 17 -27 22
0 16 22 23 31 9 6 -11 9 -10 15 4 7 20 34 23 34 3z m-290 -411 c0 -19 -29 -90
-34 -84 -2 2 -6 25 -8 52 -5 44 -4 47 18 47 15 0 24 -6 24 -15z m210 0 c0 -17
-31 -85 -39 -85 -10 0 -6 85 4 92 17 13 35 9 35 -7z m-299 -55 c10 -19 26 -53
37 -74 10 -22 24 -42 32 -44 7 -3 10 0 6 6 -10 17 11 86 33 106 18 16 19 15
25 -31 3 -26 9 -65 12 -86 5 -28 2 -43 -11 -57 -38 -42 -163 -10 -167 42 -5
69 -2 177 6 175 5 -2 17 -18 27 -37z m19 -238 c0 -16 -6 -37 -14 -47 -11 -16
-16 -17 -29 -7 -14 12 -13 17 6 47 27 42 37 44 37 7z m165 -15 c-8 -31 -30
-51 -45 -42 -12 7 -14 35 -2 35 5 0 15 11 22 25 17 31 34 18 25 -18z"/>
<path d="M1223 1095 c-42 -18 -43 -27 -2 -13 39 13 93 4 160 -27 34 -16 70
-24 99 -24 l45 1 -35 8 c-20 5 -62 23 -94 39 -64 34 -120 39 -173 16z"/>
<path d="M1168 1024 c-16 -8 -28 -16 -28 -17 0 -2 32 -1 70 1 56 3 88 -1 154
-22 48 -15 105 -25 132 -25 l49 1 -45 8 c-25 5 -79 22 -122 39 -85 35 -164 40
-210 15z"/>
</g>
</svg>
